PH3	11	12	-15.06650573975264	19.62275457382202	237.570
P2	6	8	-8.380873754715186	12.7585928440094	237.570
CH3CHO	15	18	-37.74468914829208	32.89648795127869	263.316
H2COH	17	21	-23.69329054457148	43.09755802154541	308.992
CS	12	17	-9.416602583050112	21.89211106300354	308.992
OCHCHO	13	17	-35.65716299997995	27.259241342544556	308.992
C3H9C	15	17	-66.58199373858095	50.23798489570618	414.691
CH3COF	15	18	-38.482231888913496	32.22367525100708	414.691
CH3CH2OCH3	15	17	-61.29179519323591	37.794302225112915	414.691
HCOOH	16	19	-28.399822517227626	29.769938468933105	414.691
HCCl3	13	16	-17.40070998378194	30.053703784942627	414.691
HOCl	15	22	-9.759735166590058	29.92643404006958	414.691
H2	5	6	-6.4896719580578255	9.249677896499634	414.691
SH2	9	11	-10.504768065469623	16.87195134162903	414.691
C2H2	9	11	-21.82782367399187	16.810360431671143	414.691
C4H4NH	14	17	-60.35968648822075	32.40476036071777	414.691
CH3SCH3	13	15	-42.75082262273423	29.942950963974	414.691
SiH2_s3B1d	11	12	-8.43805978235789	27.527199268341064	414.691
CH3SH	12	14	-26.572314202854212	25.32055687904358	414.691
CH3CO	17	21	-32.720664665042904	50.10655331611633	414.691
CO	10	12	-13.812125906800345	15.624582529067993	414.691
ClF3	19	22	-7.2747930389580855	33.78491711616516	414.691
SiH4	9	10	-18.404354042763178	17.826099395751953	414.691
C2H6CHOH	16	19	-61.715240108668134	39.171276807785034	414.691
CH2NHCH2	15	18	-42.165742342569246	31.97924542427063	414.691
isobutene	14	17	-63.6629925499386	37.187291860580444	414.691
HCO	16	23	-16.12038956892968	43.83888840675354	414.691
bicyclobutane	13	15	-54.49554687341762	32.3026819229126	414.691
LiF	16	18	-5.816179048995665	22.366837978363037	414.691
C2H6	10	12	-39.52211144919015	21.882105112075806	414.691
CN	19	23	-12.01381240458374	38.95702147483826	414.691
ClNO	20	25	-13.634251601226858	35.336663246154785	414.691
SiF4	10	12	-25.20165726402491	20.686578035354614	414.691
H3CNH2	14	16	-34.53849192627401	27.057706356048584	414.691
methylenecyclopropane	13	16	-54.680682855202605	31.487382888793945	414.691
CH3CH2OH	14	17	-45.37326397103692	30.12511372566223	414.691
NaCl	15	17	-3.99094234554234	23.433505535125732	414.691
CH3Cl	11	13	-21.36114644884628	22.985551118850708	414.691
CH3SiH3	11	13	-34.95211278912871	25.57131004333496	414.691
AlF3	12	15	-18.70262244325576	22.748408555984497	414.691
C2H3	16	19	-24.90888362684734	41.258060932159424	414.691
ClF	11	14	-3.0817882768076896	18.53586196899414	414.691
PF3	11	15	-17.61610921403822	25.24135732650757	414.691
PH2	11	12	-10.332370216781811	26.399571180343628	414.691
CH3CN	14	17	-35.39616413254647	29.30601716041565	414.691
cyclobutene	12	14	-55.08632081627052	26.916293144226074	414.691
CH3ONO	18	21	-37.47555084267411	33.87815070152283	414.691
SiH3	11	12	-13.412500912817297	29.529737949371338	414.691
C3H6_D3h	10	12	-47.157408940959385	21.2263023853302	414.691
CO2	9	11	-21.680027807945947	15.750773906707764	414.691
NO	44	51	-11.324413094132476	80.05856013298035	414.691
trans-butane	13	15	-71.88461778544459	34.00795865058899	414.691
H2CCHCl	14	17	-29.23468173677175	28.35583996772766	414.691
LiH	10	11	-3.5306483619098077	15.014183044433594	414.691
NH2	12	14	-12.76472784446772	27.388119220733643	414.691
CH	53	57	-5.672817791268215	88.98775792121887	414.691
CH2OCH2	15	18	-36.75400416717237	30.83776021003723	414.691
C6H6	11	13	-73.84294859445846	28.30095410346985	414.691
CH3CONH2	18	21	-50.1609501534551	39.16162085533142	414.691
cyclobutane	11	13	-63.53021468556501	29.849371194839478	414.691
H2CCHCN	16	20	-43.157513204247046	35.73587250709534	414.691
butadiene	13	15	-55.30303176866316	29.60180354118347	414.691
H2CO	13	16	-21.13156258214044	22.9629123210907	414.691
CH3COOH	17	20	-44.91238454119374	35.333051919937134	414.691
HCF3	11	15	-23.3259971752363	23.45839262008667	414.691
CH3S	16	18	-21.687456885512184	43.6886682510376	414.691
CS2	10	13	-15.4072968897879	19.75115394592285	414.691
SiH2_s1A1d	10	11	-9.139672201171901	17.021981954574585	414.691
C4H4S	15	18	-52.33291912839872	34.910075664520264	414.691
N2H4	13	16	-29.045324855735863	25.311472415924072	414.691
OH	34	40	-6.978854174028274	63.52108335494995	414.691
CH3OCH3	13	17	-44.98593833266651	32.04098582267761	414.691
C5H5N	16	19	-69.0979985794046	38.487348318099976	414.691
H2O	10	13	-13.244575617982969	17.637529611587524	414.691
HCl	9	11	-5.3612185887157295	14.611438512802124	414.691
CH2_s1A1d	10	12	-10.755277043152695	16.503979682922363	414.691
CH3CH2SH	14	17	-42.766041597382845	30.416409254074097	414.691
CH3NO2	18	21	-37.586897281700416	35.49282360076904	414.691
BCl3	10	13	-14.566449297098488	22.856191635131836	414.691
C4H4O	15	18	-54.623608197821326	31.950159311294556	414.691
CH3O	16	18	-23.45348671999463	41.494380235672	414.691
CH3OH	14	17	-29.054324512943605	29.242262840270996	414.691
C3H7Cl	14	17	-53.82323502474825	32.45474314689636	414.691
isobutane	13	15	-71.93242760700605	33.90441703796387	414.691
CCl4	10	12	-15.273475176047052	23.04130530357361	414.691
CH3CH2O	16	18	-39.63327515284153	46.0145537853241	418.055
H2CCHF	14	17	-30.899406512904132	26.963932514190674	418.055
C3H7	14	16	-50.22089852142671	46.83416533470154	436.645
CH3	10	12	-17.491008074087627	26.35530662536621	436.645
O3	17	20	-12.424590020508596	25.703373432159424	436.645
C2H4	9	11	-30.95439394137686	17.56054973602295	436.645
NCCN	13	16	-30.65578639250419	23.308557271957397	436.645
S2	8	9	-6.219315218487674	19.69083070755005	436.645
AlCl3	11	14	-12.984386927545074	26.30975651741028	436.645
SiCl4	10	13	-16.782457927165183	24.506508827209473	436.645
SiO	15	17	-10.25949611459219	21.889118671417236	436.645
C3H4_D2d	12	16	-38.562211283176524	29.299011707305908	436.645
COF2	14	17	-22.13447367296085	26.142237424850464	436.645
2-butyne	11	14	-54.932209768024414	28.40167474746704	436.645
C2H5	14	16	-33.84528563883458	38.999099016189575	436.645
BF3	9	12	-21.567144421137236	19.59606623649597	436.645
N2O	13	16	-20.0985421219747	21.053775548934937	436.645
F2O	14	18	-7.392961708151958	24.664162397384644	436.645
SO2	14	16	-14.864768203100015	23.670592784881592	436.645
H2CCl2	12	15	-19.396580710475188	26.608876705169678	436.645
CF3CN	15	18	-34.90027262458272	33.330060958862305	436.645
HCN	13	17	-18.72827373061881	22.33269214630127	436.645
C2H6NH	16	18	-50.52000843506293	34.260753870010376	436.645
OCS	11	15	-18.597715148669433	21.616589307785034	436.645
ClO	62	72	-4.690383266195835	117.75920128822327	436.645
C3H8	13	15	-55.70956005762188	31.01532816886902	436.645
HF	9	11	-7.000607251221294	14.419165849685669	436.645
O2	9	10	-9.102260571016716	19.385931730270386	436.645
SO	13	16	-7.917274904577229	30.41026282310486	436.645
NH	11	13	-7.488041673818958	23.968414068222046	436.645
C2F4	11	14	-30.233341868920505	22.87877130508423	436.645
NF3	14	18	-14.059549673584518	24.88421869277954	436.645
CH2_s3B1d	11	13	-11.461883805754981	26.627393007278442	436.645
CH3CH2Cl	14	17	-37.64062426425012	28.380502462387085	436.645
CH3COCl	16	20	-36.57261424635828	37.243314266204834	436.645
NH3	10	12	-18.684569021478698	18.61348795890808	436.645
C3H9N	15	17	-66.56832857249917	33.540202617645264	436.645
CF4	10	13	-23.607792155178565	21.739217042922974	436.645
C3H6_Cs	14	17	-47.31332770526436	30.769083738327026	436.645
Si2H6	10	11	-30.149026853278073	23.992964506149292	436.645
HCOOCH3	16	19	-44.256177744999256	34.194801568984985	436.645
CCH	16	20	-14.796778311063125	37.18423628807068	436.645
Si2	9	10	-4.792516273435907	21.640827417373657	436.645
C2H6SO	17	20	-48.017274254177075	39.67329668998718	436.645
C5H8	12	14	-70.90798945969398	31.249574422836304	436.645
H2CF2	12	15	-22.96485416266566	25.323564767837524	436.645
Li2	5	6	-1.318045198583436	10.530279397964478	436.645
CH2SCH2	13	15	-34.71131875174905	27.89494252204895	436.645
C2Cl4	12	15	-23.591172107370245	26.744948863983154	436.645
C3H4_C3v	14	17	-38.411283310935595	30.84113073348999	436.645
CH3COCH3	15	22	-54.25574496209277	42.11551523208618	436.645
F2	9	11	-2.7745747148569104	14.897684574127197	436.645
CH4	9	12	-23.396296172858637	17.770217657089233	436.645
SH	22	23	-5.400621159260895	40.98057532310486	436.645
H2CCO	14	17	-29.566094596073825	26.104053020477295	436.645
CH3CH2NH2	15	17	-50.81604713538095	29.844663619995117	436.645
N2	8	9	-15.608069808332885	12.484102487564087	436.645
Cl2	7	9	-2.534650660210995	13.507356643676758	436.645
H2O2	13	16	-16.950791874075875	23.47068214416504	436.645
Na2	10	11	-1.0638617536840755	18.08336853981018	436.645
BeH	10	11	-2.915158235730638	21.666073322296143	436.645
C3H4_C2v	12	15	-37.678961794863426	28.26300048828125	436.645
NO2	15	22	-17.163045097554345	41.71683144569397	436.645
