PH3	18	-15.066851228648524	24.646419286727905	241.695
P2	13	-8.380919698573624	15.93923807144165	241.695
CH3CHO	18	-37.74528051478854	29.97588014602661	276.625
H2COH	20	-23.6943634899276	37.82124042510986	336.219
CS	16	-9.41653992722869	18.749223470687866	336.219
OCHCHO	17	-35.65876744124885	24.814489364624023	336.219
C3H9C	19	-66.58268231492237	50.37038826942444	417.512
CH3COF	18	-38.482529185145346	29.511559009552002	417.512
CH3CH2OCH3	19	-61.29203904514835	38.03172850608826	417.512
HCOOH	20	-28.40039311712832	28.207412242889404	417.512
HCCl3	16	-17.400639522315128	27.17279291152954	417.512
HOCl	17	-9.761732210437607	21.974321126937866	417.512
H2	12	-6.489835066225372	13.054138660430908	417.512
SH2	17	-10.505105790028061	21.506449222564697	417.512
C2H2	13	-21.82826294076332	16.882302045822144	417.512
C4H4NH	18	-60.359991088119195	30.912471294403076	417.512
CH3SCH3	17	-42.75197283786548	30.38941478729248	417.512
SiH2_s3B1d	17	-8.438015774197515	33.05858254432678	417.512
CH3SH	19	-26.572346062538035	29.569446086883545	417.512
CH3CO	18	-32.72090051273277	39.93371915817261	417.512
CO	15	-13.813503334990127	16.59994912147522	417.512
ClF3	16	-7.275304306111616	23.27675771713257	417.512
SiH4	17	-18.404034686689936	24.4917254447937	417.512
C2H6CHOH	17	-61.71669228959624	32.37302851676941	417.512
CH2NHCH2	17	-42.16519339173081	27.69720149040222	417.512
isobutene	18	-63.662718333959106	35.51259398460388	417.512
HCO	21	-16.122177616570834	37.35418105125427	417.512
bicyclobutane	16	-54.4953360429475	30.656492233276367	417.512
LiF	18	-5.8169048620107935	20.317439317703247	417.512
C2H6	19	-39.52148080723151	28.933857679367065	417.512
CN	23	-12.012492286510726	36.162999629974365	417.512
ClNO	19	-13.633383086499123	25.70952033996582	417.512
SiF4	17	-25.20759041759966	24.697031021118164	417.512
H3CNH2	17	-34.5384989203691	25.662433624267578	417.512
methylenecyclopropane	18	-54.68066194873984	31.55463981628418	417.512
CH3CH2OH	16	-45.37410005312842	25.85943603515625	417.512
NaCl	16	-3.990923763835927	20.108044147491455	417.512
CH3Cl	20	-21.361476193893704	29.856796264648438	417.512
CH3SiH3	18	-34.95259166276687	30.26931667327881	417.512
AlF3	17	-18.704083834666257	22.886149168014526	417.512
C2H3	21	-24.909123461014538	41.51919651031494	417.512
ClF	15	-3.0814813654840694	17.52174711227417	417.512
PF3	18	-17.616201717044756	26.576579809188843	417.512
PH2	18	-10.332433503141814	33.37543439865112	417.512
CH3CN	18	-35.39565725775676	27.85313320159912	417.512
cyclobutene	16	-55.0869221854589	27.05846095085144	417.512
CH3ONO	22	-37.475764537107366	32.51894569396973	417.512
SiH3	16	-13.412611121808489	33.456116914749146	417.512
C3H6_D3h	16	-47.15797747002559	24.07049250602722	417.512
CO2	16	-21.683749276762473	18.9038028717041	417.512
NO	None	None	None	None
trans-butane	18	-71.88463951195672	39.08746409416199	417.512
H2CCHCl	20	-29.234678932108707	29.835402250289917	417.512
LiH	16	-3.5307051658999455	18.171092748641968	417.512
NH2	15	-12.763804796591062	25.751386165618896	417.512
CH	None	None	None	None
CH2OCH2	20	-36.756519308648	33.9076292514801	417.512
C6H6	15	-73.84417277368183	28.50437879562378	417.512
CH3CONH2	21	-50.16038012600877	36.141847133636475	417.512
cyclobutane	17	-63.5307602840947	33.61997890472412	417.512
H2CCHCN	19	-43.156822749553065	31.34961724281311	417.512
butadiene	20	-55.30333388611725	34.38120222091675	417.512
H2CO	16	-21.133812754392547	20.741601943969727	417.512
CH3COOH	21	-44.913639718237334	33.98827600479126	417.512
HCF3	17	-23.32685736837443	23.468318700790405	417.512
CH3S	17	-21.687787037451514	37.66307187080383	417.512
CS2	16	-15.407245013944193	20.778846263885498	417.512
SiH2_s1A1d	18	-9.139691043978178	22.783963680267334	417.512
C4H4S	20	-52.33308700331336	34.98361921310425	417.512
N2H4	17	-29.04357054101378	24.17373776435852	417.512
OH	None	None	None	None
CH3OCH3	18	-44.987935525246336	33.18340182304382	417.512
C5H5N	21	-69.09649727748717	38.167951822280884	417.512
H2O	17	-13.24668399487356	19.70862913131714	417.512
HCl	17	-5.361532373880366	18.596550703048706	417.512
CH2_s1A1d	18	-10.755091209690166	20.755983352661133	417.512
CH3CH2SH	19	-42.76599051031468	30.512134552001953	417.512
CH3NO2	17	-37.58708500785252	27.055412769317627	417.512
BCl3	15	-14.565857203036767	22.762855052947998	417.512
C4H4O	18	-54.62556855209742	29.108479976654053	417.512
CH3O	19	-23.455454696602008	39.66908502578735	417.512
CH3OH	15	-29.055154805096866	23.697829484939575	417.512
C3H7Cl	19	-53.82350274775681	32.45985960960388	417.512
isobutane	19	-71.932632118399	37.75345849990845	417.512
CCl4	14	-15.272838755698116	23.006924867630005	417.512
CH3CH2O	21	-39.635603381547	48.14076519012451	419.461
H2CCHF	19	-30.899362783692805	27.130722045898438	419.461
C3H7	20	-50.22094520881097	52.09030795097351	448.262
CH3	15	-17.491393981803885	28.158231496810913	448.262
O3	17	-12.42727935499955	20.302151679992676	448.262
C2H4	17	-30.95566989873044	22.39469623565674	448.262
NCCN	17	-30.654578454616217	22.1533100605011	448.262
S2	16	-6.219245881440621	27.9770290851593	448.262
AlCl3	15	-12.984151601517151	24.78390097618103	448.262
SiCl4	15	-16.782045448638176	24.49894428253174	448.262
SiO	18	-10.261106685153445	20.852994203567505	448.262
C3H4_D2d	17	-38.56210854828896	27.692431688308716	448.262
COF2	18	-22.136994421244502	25.017647981643677	448.262
2-butyne	20	-54.93287752758482	34.7980101108551	448.262
C2H5	19	-33.846270645702866	41.121981620788574	448.262
BF3	15	-21.567303497334283	20.896833419799805	448.262
N2O	20	-20.0978002570127	23.180108547210693	448.262
F2O	17	-7.3951765015805275	21.305964946746826	448.262
SO2	15	-14.864050420247045	20.112536430358887	448.262
H2CCl2	19	-19.396834775579244	29.3699688911438	448.262
CF3CN	20	-34.90093768008746	33.46465492248535	448.262
HCN	18	-18.727401172342493	21.359243392944336	448.262
C2H6NH	17	-50.52008637564313	29.53577160835266	448.262
OCS	18	-18.59908593919161	22.74847650527954	448.262
ClO	None	None	None	None
C3H8	19	-55.70910707594859	36.91374325752258	448.262
HF	18	-7.001900393647047	19.28353500366211	448.262
O2	15	-9.105689456611078	23.859662771224976	448.262
SO	26	-7.918971339973699	43.050286293029785	448.262
NH	16	-7.487317453221706	25.415844440460205	448.262
C2F4	16	-30.234035717825922	22.91977334022522	448.262
NF3	17	-14.061181049080094	21.440051794052124	448.262
CH2_s3B1d	18	-11.461730771408218	31.700897455215454	448.262
CH3CH2Cl	19	-37.64110416499224	28.47394585609436	448.262
CH3COCl	18	-36.57398302090016	30.806804656982422	448.262
NH3	15	-18.68454096484935	19.818390369415283	448.262
C3H9N	17	-66.56809943565756	30.290863275527954	448.262
CF4	18	-23.607588732811863	25.584869384765625	448.262
C3H6_Cs	19	-47.31292282182775	30.654418468475342	448.262
Si2H6	15	-30.149060284086477	27.328375577926636	448.262
HCOOCH3	21	-44.25946112402399	34.13481640815735	448.262
CCH	18	-14.79705033895884	30.85460114479065	448.262
Si2	16	-4.792406126272914	28.227739810943604	448.262
C2H6SO	19	-48.01840982930118	35.02865648269653	448.262
C5H8	17	-70.90699160022197	33.10486841201782	448.262
H2CF2	17	-22.96586127814909	25.191189765930176	448.262
Li2	19	-1.3180546908383242	22.72947669029236	448.262
CH2SCH2	21	-34.71116466727142	33.64055848121643	448.262
C2Cl4	17	-23.591832211688644	26.743312120437622	448.262
C3H4_C3v	17	-38.41129230739677	27.92789101600647	448.262
CH3COCH3	18	-54.257089663949685	32.212042808532715	448.262
F2	17	-2.7758102142577363	18.968993663787842	448.262
CH4	16	-23.39684080614165	20.084436178207397	448.262
SH	None	None	None	None
H2CCO	17	-29.568686006057572	26.630562782287598	448.262
CH3CH2NH2	17	-50.81513154474971	26.77558183670044	448.262
N2	18	-15.606379750725468	19.33014464378357	448.262
Cl2	15	-2.5344373602837567	17.82814621925354	448.262
H2O2	17	-16.951427737089357	22.214005708694458	448.262
Na2	13	-1.0638669678811448	17.838469743728638	448.262
BeH	25	-2.9151286351317323	40.0896680355072	448.262
C3H4_C2v	17	-37.67907525114517	28.161744594573975	448.262
NO2	18	-17.16149661167052	31.942100048065186	448.262

